s <- c(465541369 , 226370614 , 214254773 , 143341686 , 54201144 , 64048787 , 68650759 , 69556472 , 62375188 , 65764407 , 58515500 , 63511715 , 76939067 , 57667482 , 62211316 , 59508025 , 60649792 , 76180800 , 87558315 , 63649305 , 56002463 , 60768319 , 66552875 , 70020425 , 85547067 , 57686712 , 69813975 , 68451848 , 61675172 , 54534228 , 57799218 , 55652902 , 61001675 , 113578335 , 59766520 , 55173076 , 54815843 , 132897181 , 107554100 , 63047148 , 58054559 , 70526546 , 56335173 , 54853199 , 59702964 , 55480318 , 67836371 , 71237317 , 57914931 , 52639759 , 54500365 , 61514216 , 54138639 , 60937278 , 64514806 , 49541133 , 52883946 , 51945882 , 65350616 , 57421157 , 60596378 , 52369814 , 55063956 , 56432152 , 57360726 , 54447013 , 58967789 , 63645538 , 52878939 , 57397002 , 82696175 , 54951091 , 58567811 , 54634721 , 51915386 , 54931310 , 57259891 , 52647570 , 58250020 , 62656055 , 53287810 , 70173777 , 54264221 , 56167529 , 58408154 , 61681352 , 63939609 , 56043202 , 31599032 , 30258805 , 44103748 , 68536587 , 54934226 , 54628371 , 67759066 , 69378277 , 59530086 , 54965284 , 66593373 , 50995684 , 55939169 , 54770148 , 57318858 , 42442011 , 36553092 , 35531644 , 56744405 , 53532683 , 55146394 , 53781471 , 57890930 , 59396685 , 48045988 , 30977717 , 30994805 , 30242546 , 32812698 , 28366833 , 46007845 , 60168137 , 66258759 , 66624925 , 67369472 , 71758986 , 63905850 , 52538545 , 62768566 , 57299762 , 69773142 , 53195158 , 59948208 , 58356340 , 64486102 , 56669954 , 53449973 , 56130433 , 76303883 , 58425859 , 47956198 , 44841309 , 30242867 , 34123314 , 32475519 , 40613670 , 31983152 , 38073478 , 29710026 , 31672223 , 31091494 , 45447036 , 30542528 , 36844443 , 28430730 , 28593887 , 34566983 , 30357988 , 30045419 , 71141650 , 65044264 , 55078411 , 54373199 , 65573310 , 56384759 , 50457049 , 62904684 , 54133394 , 54477565 , 76089551 , 64874691 , 47540646 , 31719939 , 27999356 , 28050079 , 36443543 , 44440877 , 30919808 , 34127320 , 34817663 , 32030563 , 31362828 , 30847577 , 35655553 , 54698771 , 63405067 , 60424433 , 54360709 , 62035876 , 61196872 , 55660419 , 53612464 , 58994030 , 57223494 , 59225097 , 62895416 , 64197846 , 58817758 , 59415354 , 55790475 , 63267477 , 55213882 , 54926656 , 61713897 , 59491528 , 59369103 , 68006335 , 70732555 , 30907886 , 30823773 , 32914033 , 31077494 , 34302166 , 30097796 , 34331140 , 29549460 , 35716068 , 37137245 , 30516055 , 56555031 , 53375215 , 55508098 , 58776645 , 61101810 , 68708972 , 55436003 , 55491655 , 58030406 , 49567311 , 64897581 , 55429756 , 60866729 , 58755810 , 65615566 , 33755119 , 29721187 , 32545413 , 63056891 , 52717705 , 74662029 , 52892675 , 56519608 , 68248619 , 57486166 , 58719806 , 55636346 , 58580039 , 56493837 , 55097013 , 63855734 , 60474774 , 69839735 , 63330460 , 29035292 , 35555903 , 32981218 , 59087957 , 60059082 , 63959183 , 50491899 , 65646556 , 55145089 , 58102214 , 67583121 , 58824132 , 52075955 , 30840611 , 30750291 , 32157101 , 38232510 , 31367378 , 30481816 , 30007068 , 37164061 , 33097900 , 34173089 , 29526034 , 32527871 , 37907631 , 76761052 , 30688390 , 31314569 , 30114514 , 33028496 , 29707796 , 30833310 , 34031960 , 32094328 , 35020694 , 35073528 , 32112451 , 33129864 , 34918229 , 37485871 , 36148437 , 31512997 , 62195574 , 61561864 , 57667281 , 66041754 , 58978611 , 70885179 )
